194558
127536599
26009943184
250121527725
5493508
161265973705
4735417467
909846124
198029
901816
946927645
2582705613
24881687
511149612
54898116619876
55844
252947
22739623
73154904
2286886554
542670
115202021757
29019948080
228355615
820
1416461924
84121042752
1871396
19587620
10470432342
1798582066
91357812180
5793402260
1651110912
50185405
282464694
3102553
4157153115552
245934
631132
91096
219915564
60397606
94631
396843552
133007016751
341510
8537072
49336
99225319
314206
696348
53703
301330900
4218324
28857538
39920709
17958912
93614691785
1747635
315550
13819
746659
16269
1148007
6313
35955356
8088777769
67700160
3324
112224
2064271306
334602
28180072
45865818
1427910715
14101338935
2513920830
41654011
12444729
1690796
979542634
350857
6460006
1142179697677
2857698
12929728
45864
17839
1192516584039
3960792
3168957792
1633567788
20484122
359372136
87365659
966115
2811977
24013292
6460261
3495387174
51810186372
217580
39456720
905124433
6576876002
1963126
1266080275
153864480
38532375521
37401
5360171
85271
1575033
528186760
19697
22753653
41407327531
1712838837
528793
12327567953
261635970
102576
33741910866
48987981277
217696
69372864552
13713662815
9450002
106661489
41544
424930
836885854509
276397099569
8389707840
1311240
11910
12163840
1041844064
3670018
62316
3315060
321250943782
1410596320
70412251
188560348
16477580
8613
13922328
55602893520
16660258566
10450080
750311520
559642
9370369726
56385
3586445
22802009
1339248
1309905070
625303
70044
3871
71230992
264685
2223
21742264
102401
6084806902304
9090
13685898
129444037960
376605
566681
99712
429
34883897
2279769
3845250
170445
2789204
2280711039
41412584
72694487724
3021552
2962182
109122351
11262
14319625
99052425
616079365
9952486
794397365918
2742
6174
7426557
1256
31469
88
390349
41380442
17304255028
302
17421399
76944407761
386
2001328
334561605
135758349
1575996
61228739
765608
58492
189165130
131316
1396348044
118440144
226846130
10532284261
4470342
20923
3344414346
671956
1030961356
702
327285011213
657285
7021190
280298
27840
4557
621809048003
9981290920
256794364800
30170
7877646991
1238161
985340154
1803833
1210344
2519853298
3223373148
522185543879
8406787598
1332308
41169
174020
26880
500519468937
169122020
58437765776061
134891688
254874138
883147390
739350
3576000
709932
948508
116262378
8340815451056
180370542845
2049814
5299296
30797
1938563869
6355523967
14486244
106933506
504
1904749
36501111
489615
5070676579
30287088
1534953
4501
1364553
951296
157469187
18308
71574724
15909264
2572928
368787
131429520
20710
117843317739
545921
26574
10108225092
115864
533300
5887
78471498
7130225595
94324754748
10450960
922
118080
47895
17637
2010585052452
3755524
39377794273
234573439
81485214698
299816765
20315377
29909838650
24012371
5799427230
96592181
67110
3985
455038
422313647
1324756
57185
569264
2026
414
10619851
4313455
76428
298105
1555206589901
416
7890761221
4851699947
1340172906
3060357
36750787
2626008
160823754
575944059
34100955
948113
11843363
414514
1441652696
383650
22135637
918291
1505741
11771
80708
421192773
860808
33372
17146536118
533228686848
1737309600
222943937895
636399160
788745
22728734
1875535455
871082
30066368
45751548
2527247
1688
4399
71096
3995056485
7628
1972250398
135886610
635383260
96912
152775
78984174
4312419238
418704221
195822
471
759714
56005
103
1923392
1260
6938
1540044487170
1134769023
6335
985535
2747160758
14972873
215170709446
941373552
6429165688
8531
16943371610
162627956
2151926
102253056
37464508
59290776
29405232640
11838789900
34152034
709309696188
49216062
3363902892
245385018
2723318400
13986
1482122661189
171957897
2328172
362
21949953
3241877525
1477881
1584451
245523
408
6491391180
49688662
7767789
333456
60014021472
2628581
844582
74777
4763814
94440
4016774580
5836537069
17838201034
424573
37912
16398628155
3809
703384666831
647136
210792608671
2436100
1592324703
346507254032
13518
126939680
24678
201423
231349613724
2927815253
8630377
462193759
607518720
468102094
128956255
193259
162357
442600
3767103580553
14847610
743
3050362
82156803
628792
130836627
144521
1792577
2091684
74537554512
1855461604
224859805
2400360483472
614540871
366295433435
91587264
630961
893
5056137
95290
582845322
5535
395
178405757400
145435392
5250
759649461
56934838
105669
14746
5769
9608753689
643168552301
229419862
2713155156616
6413421303
256402417600
1460366163
4060
2110348408810
2902057811
23258816649
29206983
5861730159
22973
371623000
3588
1941395
672968880
15674455
243523
19516
453896
267007884
40330241015588
585
2396434
16119246
20568735
7813814546
27282024
2964
827647
1176186495
201735728
35413156795
8399713
2343605
6450624
443217280
48700
80580
130511451943
8108763812
182283859
24897070
111250171648
23755
436019
928922
6451307248
86980
9786271
1532160
24403000
1953
990319
11412188576
249050630
742373
474024
142885
6930420
122733492
831978
29926896375
219383717
3407325164
6078060
299554515
9437408425
267406
6553232
96001080
84355
24298114896
5953350
79652
22886
624448
3359340
622
507934685
1019
203478
19277025840
344954166
48340800932
146059200
4436052529
43699067
88848
1656
9799
7946031
720410
24848528
867
94969178216
7272
12214232427600
28632
144280559
1138408
12128950928
20820892347
1198976
900841950944
346736
7603435
242741004
563920
2443160712025
2147242
220646436
149809323
144884479
9249
7338803
764
7381740
5928
466888312086
210325257
221180
6249064885203
334647013
639109705
23307480
1552566965
87715339226
12858752
1351937
9467274375
5224
364104316
11572855
3454145741
758500646221
363957360
338029
10068480
8299784
20579790
613581611446
60066
155277
96729
897244658151
7035873
4445733605
10609173795
3695
1050504
14585643
54685258320
2800483
168530073
395246313
4064256
262310522628
86049
601
1026420084
101164
10817105
3420
69689
265686
32990988
157066012
58787499
114207
4729
1292818885
66775434
115887
462669
135
75750
9632
577121008
6697752
3680318803
160907427
35049202177630
5010054861
3680392
540881440
84819882
7230186
31833026
8703829
2645256721889
96200
10937584095
69479877
1670542
57158970624683
155
80353681
243932835
65346
335768981464
89019612087
125382104
28451
5738099522
30304670
158763
526356306
1079
109098
39502269
32609
3070
640811159
2000439000
171068
27921957
612228
2963917
4363811
2568
3215582024
153840815856
11386
60434
23737612
3533198
663363
5587084944
216867168
890979341
7
3647893260
75777
19834461
12198733538
254720
60001422
31934565
8096760
38124834120
23452364967
30005379
3722710422
457
19880960508
25328336
1929959244
10383955921
2267298543
100433212
116610592490
20491672
1180313416
171227269984
455846
1674562864
35
87046876
1877
364
76836001065
45790962
3460
65011686
930
2401
301269
13699
317
15794075
129161328
567
190423850
27411835281528
4170
461435
1386
357696003
77837763
3811398362
292049
4165920
6672
43553
789021489
17159844237
663874848670
5483954201
1540007
9727
225373634
99539283888
392
42059103300
8770
190409235602
79553678
159028761020
1300
243433313
3124500
302625
1137
639368
79939450
2228247208
134042534
510500610672
4111
45999
60030845
35770
10927513483
10051898
131228541
10512
223
488096
657202356
1078687453562
13425
92796195
38173361
430285450
83841
237475
680057
281219
137606014
81445062312
430044160
2214
126136158224
1367286683
13304
691914
2198982
676192
17217
342783
812
153626591
719278
2478427
369291042
3973077
40382
2096301704
34559536583
171414
1092591435
11768133
1168
270957
49751803
75672
12708470
18233446903
459
10314
215952960