 2 6 664 40 874 40 7
 49 4 21 65 99
 6 6 83 31 25 72 5 4 39 4
 8 8 1 32 907 4 7 7 2 4 7 4
 3 893 785 38 86
 3 9 827 19 380 94 50 4
 61 728 59 433 177
 2 8 843 3 3 17 37 6 124
 769 307 904 1 29
 80 819 2 731 88
 7 97 6 461 6 33 344 23
 2 5 2 9 1 9 992 41 1 8 9 3
 8 261 1 6 26 5 826 83 4
 38 13 1 149 612
 859 9 2 9 291 71 987 6
 6 310 30 44
 2 3 82 514 1 59
 7 2 3 1 992 849 5 1 1 1
 320 193 62 48 23
 535 69 7 74 7 7 31 27
 97 82 1 9 81 6 534 5
 858 2 944 790 18
 6 1 494 4 6 7 6 8 97 6 40
 6 2 4 93 102 3 8 5 609 6
 51 8 274 94 2 3 39
 35 3 496 809 4
 973 62 27 3 39 6 27 8 4
 4 6 196 588 9 4
 6 115 8 1 2 7 8 86 4 6 3 6
 726 5 6 6 8 5 12 8 2 4 3 8
 8 42 8 98 52 78 5 506 6
 7 2 7 186 578 121 80
 9 6 602 142 1 5 113 20
 9 4 6 94 6 6 9 3 88 89 4
 3 2 2 2 8 8 1 21 44 3 7 8
 1 9 614 4 6 3 4 1 9 3 324
 251 9 583 55 3
 4 730 58 90 7 947 288
 8 10 8 9 7 933 3
 8 49 573 462 673
 8 45 6 630 23 6
 895 13 656 79 7 242
 4 4 6 9 326 4 5 28 63 9 1
 43 22 31
 78 7 8 94 31 65 1 8 61 3
 826 213 876 863 7
 28 76 9 415 4 42 6 8 42
 706 6 492 44 7 6 5 976
 332 84 59 2 248
 59 5 309 336 974 521
 91 2 2 863 74
 841 69 3 4 1
 71 335 631 8 1 7 17 3
 595 4 164 5 772
 936 345 9 545 4 6
 28 403 454 121 417
 8 97 179 7 17 53 5 203
 8 43 2 9 5 53 47 9 4 6 3 6
 67 755 17 5 361 37 5
 670 8 629 5 650 1 263
 301 9 63 72 91 59
 3 855 8 2 2 87
 7 514 914 1 8 1 6 65 4
 9 71 8 8 7 1 2 182 8 6 5 3
 8 4 318 328 9
 7 665 9 99 166
 666 772 5 5 5 347 9
 6 6 3 2 6 442 1 4 6 7 8 9
 7 240 5 374 411 3 40 2
 4 244 7 32 358 178 8 4
 2 7 654 7 24
 616 2 335 9 68 338
 8 697 6 1 4 38
 5 6 18 2 4 7 34 2 7 5 75 2
 917 2 8 2 5 8 30 4 5 429
 81 4 1 2 57 1 73 1 439
 31 98 9 860 5 1 778 7 5
 2 137 1 9 9 38 9 208 2 9
 83 2 22 86 5 11
 12 118 5 422 992 1 89
 9 71 3 3 294
 3 26 5 3 1 426 34
 837 34 402 6 709
 5 58 4 994 97
 8 767 154 29 599 33 7
 23 9 58 98 54 3 6
 5 334 5 2 387 58
 475 697 4 39
 2 5 5 98 5 39
 9 66 478 40 3 9 70 6 4 1
 49 50 95 4 8
 6 176 7 673 637
 408 5 8 867 230 267 4
 870 218 12 9 842
 44 9 5 8 3 8 5 7 653 9 9 3
 6 8 3 1 143 2 2 4 5 11 5 9
 4 4 7 2 863 8 6 1 113 2
 1 9 80 6 1 8 4 54 1 65 4 8
 744 5 48 5 8 2 637 940
 40 61 6 67 6 5 3 9 2
 753 8 8 3 219 3 7 7 1 6 1
 781 2 823 6 1 86 2 9 8 2
 787 16 4 2 3 98 5 1 44
 361 444 226 3 49 502
 434 471 124 43 1
 9 7 732 3 5 766 16 45 2
 99 31 6 2 638
 8 9 314 8 82 5 191 83
 30 102 1 5 7 181 184
 2 92 6 87 32 372 3 521
 1 3 3 133 4 446 3 4 8 9 6
 337 1 3 2 28 7 6 80 727
 11 76 7 9 71
 54 81 1 360 2 391
 27 799 3 19 60
 120 1 395 38 6 3 118
 418 2 42 6 7 6 8 9 6 2 3 3
 29 193 6 2 62 3 7 5 3 1
 28 547 3 6 837
 4 770 13 504 90
 9 3 4 91 9 4 32 7 788 7 3
 987 965 502 6 267
 2 3 482 7 6 5 91 5
 9 50 4 7 702 989 33 2
 5 56 1 585 2 89 1 74 9 7
 166 311 9 1 447 7
 965 8 2 9 6 3 1 6 5 2 6 79
 904 928 7 705 467 5
 5 43 433 5 89 959 7 9
 9 653 9 41 963 1 492
 4 6 1 6 9
 424 928 2
 7 61 2 97 88 585 4 50 7
 6 90 99 27 489 4 9
 19 5 5 1 963 7 3 6 240
 97 8 1 2 7 2 420
 234 60 3 5 4 6 4
 35 4 24 1 1 3 7 1 2 5 64
 787 75 3 32 1 8 46 818
 9 7 1 21 257 40 58
 72 917 450 2 584 3 3 2
 31 4 9 88 6 443 4 35 4
 6 87 4 9 8 1 9 5 1 2 949 2
 9 17 218 1 7 6 3 8 7 7 8 1
 400 3 64 7 13 6 5 1 90
 177 2 822 648 116 8
 8 2 71 56 6 29 368 6 2
 3 7 71 6 3 33
 828 7 1 3 56
 544 4 56 78 5 65 40 6 3
 8 8 6 2 6 3 9 8 4 3 641
 2 36 6 65 78 9 5 354 2 5
 550 9 7 4 2 7 73 2 2 46 7
 1 86 300 164 2
 98 2 8 886 3 117 5 4 7
 99 4 2 537
 5 7 3 988 242 5
 56 98 74 8 2 2 57 780 2
 873 59 26 6 1 56
 925 53 2 25 744 4 4 9
 8 9 7 4 5 31 7 3 9 44 6 7
 1 1 26 898 3
 7 19 9 3 68
 772 56 1 922 38
 42 63 5 2 7 5
 370 74 159 8 3 8 382
 771 705 1 6 4
 6 626 9 3 9 3 2 7 2 8 958
 784 8 99 679 89 76 97
 8 9 4 8 86 4 55 4 314 9
 68 2 782 76 98
 878 732 804 371 8 59
 99 3 97 9 5 7 6 495
 367 792 8 61 653 436
 3 776 128
 6 6 17 60 3
 38 9 70 461 23 2 7 8 8 2
 8 346 322 2 9
 4 1 6 21 7 7 2 708 75 2 5
 9 68 69 5 339 31 950 5
 4 734 95 2
 8 95 2 1 8 1 9 5 45 6 3 9
 54 33 476 579 5
 1 875 73 659 575 8 3
 9 182 478 905 552
 1 6 482 14 57 8 6
 544 4 12 116 1 7 2 9 4
 11 26 3
 2 4 596 6 8 5 4 78 4 8 7
 99 3 32 766 1 1 965
 64 8 676 5 4 1 89 4 1
 7 4 8 6 376 2 6 5 9 5 7 61
 78 138 2 383 9 369 8
 73 21 714 1 494
 87 224 32 3 6
 9 5 565 73 10 596 8 4 1
 32 9 7 2 6 7 2 1 3 1 9 638
 3 1 4 66 3
 5 1 76 6
 43 331 9 99 3 270
 55 930 809 44 48
 93 79 9 41 50 28
 61 23 165 42 3 8
 1 5 2 990 2 58 9 717 9 9
 248 6 455 6 2 436 66 1
 37 1 1 8 4
 5 7 82 5 1 9 4 2 8 628 4 7
 645 7 741 99 6
 9 683 1 6 4 7 2 4 4 7 6 9
 75 31 5 676 56 860
 4 608 28 608 131
 4 761 51 7 1 9 6
 3 35 557 1 7
 2 86 1 48 5 658
 7 9 7 7 3 3 4 1 4 269 14 5
 20 248 528 47 52
 5 56 423 114 27
 1 78 127 38 595
 4 134 7 33 62 2 98 4 7 9
 4 996 4 742 1 89 6
 6 9 2 357 72 859
 41 1 13 17 81 98
 60 7 1 956
 697 1 827 19 94
 7 1 5 54
 1 4 3 385 700 5 5 6 213
 59 6 7 4 3 6 8 3 9 57 11 6
 8 46 86 4 72 27 4 6 4 29
 79 43 402 14 521
 88 244 1 4 69 919 12
 13 32 9 63 325
 516 2 17 4 20 66 6 2 8 3
 92 5 35 4 31 28 963 76
 89 9 6 8 27 7 432 6 25
 287 7 5 1 719
 9 847 8 46 991
 90 859 1 74 4 4
 9 84 7 3 2 6 7 7 25 290 4
 9 7 9 70 58 2 7 554 8 9
 33 2 66 339 695 766 6
 796 316 449 3 270 26
 2 73 49 2 856 517 1 4 8
 322 92 21 398 858 7 1
 256 304 5 410 8
 8 880 2 3 5 8
 9 1 7 59 3 456 6 3 5 9 85
 6 24 17 38 70
 833 1 6 32
 5 884 3 8 4 849 3 5 9 37
 1 1 31 67 4 1 730
 146 5 47 207 2 20 8 61
 95 4 8 330 6 46 6 6 43 2
 48 3 4 894 3 99 5 123
 117 16 80 33 830
 78 9 617 35 34 8
 6 4 800 447
 709 9 32
 16 75 925 4 35 93
 65 954 396 3 621
 23 7 54 644 5 46 48 22
 54 657 74 33 843
 4 761 1 892 3
 16 20 2 736 96
 8 744 3 4 6 589
 554 9 6 9 4 3 2 6 58 70
 72 98 214 61 1 7 6 5 69
 3 915 2 37 4
 8 8 696 67 3 2 700 96 8
 315 3 95 1 2 89
 724 9 52 1 29
 50 92 91 76 877 87
 93 5 111 5 3 9 49 29
 843 2 1 1 6 76 570 9
 6 709 3 7 123 1 77 4 54
 21 6 58 8 79 7
 8 4 1 6 2 6 21 5 4 55 8 9
 361 58 4 614 2 7 711 9
 9 8 7 537 80 6
 477 42 82 78 46 37
 5 366 8
 4 83 8 5 8 4 9 4 3 1 840 4
 3 22 69 49 8 3 432
 257 21 7 66 64
 58 578 11 24
 214 2 4 5 2 8 639 6 4 1
 10 10 710
 6 4 3 6 72 8 22 1 5 913 3
 155 34 575 508 5 6
 1 5 40 311 8 73 2
 85 947 7 2 59 588
 3 286 26 40 4
 1 37 6 6 7 71 52 6 92
 79 6 8 8 97 7
 87 69 935 3 47 5 7 218
 5 3 1 1 6 787 5 1 5 78 8 9
 36 5 8 37 989 47 7 8 8 3
 2 14 485 3 54 4 4 6 4 9 7
 5 7 7 9 3 3 2 5 351 2
 31 92 1 80 12
 74 632 955 99 73
 1 758 1 3 4 7 16
 29 308 82 686 452
 76 8 489 4
 5 6 384 8 8 2 9 9 8 2 57 5
 39 71 4 799 22 59
 31 783 8 512 9 46 96
 6 7 1 4 791 4 38 282 2 5
 84 26 44 93 85
 119 639 354 6 25
 1 67 797 83 3 87 7 1
 72 2 675 7 9 43 96 30
 539 5 43 72 833
 6 2 7 8 145 5 89 4 317
 34 2 267 569 4 1 363 5
 2 675 96 7 94
 9 424 407 1 3 650
 3 5 9 1 3 8 9 6 532 3 7 76
 871 698 6 6 1 679 8 14
 81 3 72 8 94
 530 3 40 324 72
 60 7 6 4 8
 53 683 3 790 96 97 1
 478 65 3 79 55
 282 3 880 6 5 44
 8 283 9 59 9 810 18 7
 32 5 3 8 5 9 7 32 2 1 9 9
 13 1 32
 36 49 4 5 5 7 8 6 9 8 42 1
 7 453 17 777 9 8 9
 2 40 199 6 306 5 55 1 6
 45 170 76 13 4
 799 3 65 12 7 9 9 3 55 7
 11 2 904 6 132
 27 320 6 7 91 846
 1 420 4 79 1 438 2 59
 1 81 81 664 25 5 3 21
 71 3 735 1 13
 5 86 23 8 3 878 21 1
 816 95 65 7 9
 6 69 6 3 8 1 4 58 4 693 1
 684 2 8 4 7 3 4 1 86 5
 7 4 7 932 8 77 821 704
 5 1 89 6 1 872 200 8 9 6
 395 28 9 5 39 391
 78 39 69 2
 7 39 294 345 4 97
 140 2 5 1 5 6 3 7 5 9 1 3
 88 4 1 4 1 78 1 31
 17 6 6 3 970 5 4 6 6
 5 70 9 7 2 36 9 4 2 2 7 90
 8 86 33 306 78 1 984
 1 409 50 26 538 3 90
 708 45 45 7 535 5 999
 63 563 5 764 1 60
 97 116 7 529 6
 3 78 8 6 732
 1 23 8 563 71 7 2 51 5
 3 769 2 47 7 3 8 1 2 6 50
 46 9 778 9 64
 904 89 8 740 71
 6 30 6 117 47
 2 602 82 2 394 6
 10 338 63 71 885
 716 99 90 78 44
 116 4 739 5 343
 5 92 8 71 9 5
 23 437 584 4 6 29 8 7 6
 7 987 5 32 9 817 3 3 85
 698 7 981 4 90
 484 2 5 7 55
 22 689 2 8 3 94 75
 2 7 4 405 6 1 75 6 2 4 8
 8 113 449 451 3 8 22 6
 837 393 5 77 21
 1 87 38 5 8 473 3
 8 149 3
 599 181 5 62 7 312
 4 175 8 5
 5 8 9 31 1 49
 8 2 7 134 1 4 1 67 2 6 16
 150 5 8 20 1
 61 3 5 38
 812 2 83 83 53 63 10 3
 7 89 8 54 3 86 6 8 1 7 6 3
 61 77 886 9 743
 5 4 5 45 393 2 7 24 4 5 1
 337 85 6 4 65 7 56
 592 2 883 85 22 1
 1 8 5 6 2 2 9 92 776 7 7 7
 6 6 3 5 5 5 8 84 9 28 7 12
 3 5 8 5 1 8 14 291 4 2 2 4
 861 825 5 5 70 6
 778 6 5 626 6 8 5 8 2 10
 3 3 1 6 5 5 95 7 2 3 956
 5 796 3 8 49 3 11 744
 91 9 8 7 5 7 765 1 2 4 8
 62 44 6 508
 7 70 770 77 6
 95 780 624 9 4 492 4
 151 7 3 1 7 6 45 3 5 881
 682 84 17 5 9 1 3 623
 2 536 4 4 92 358 1 8 6 2
 614 22 97 7 5 33 8
 791 59 9 968 861 1 82
 7 9 869 2 18 249
 82 528 68 925
 199 3 3 146 1 2 2 46 9
 90 2 694 973 3 843
 5 174 4 49 1 6 4 4 1 7
 90 149 4 2 108 8 39 4 7
 4 33 3 9 2
 427 71 724 441 4
 304 6 8 75 24 53 5 5 25
 7 2 74 4 9 507 1 108 9
 35 3 7 8 25 33 299 1 7 1
 44 5 18 62 3
 3 44 4 2 4
 7 15 766 321 65 12
 616 806 99 291 62
 3 7 65 4 5 350 8 111 9
 4 5 7 96 6 2 32 152 5 7 4
 43 55 330 7 108 712
 494 76 4 5 7 441
 97 8 68 136 4 858 310
 610 2 988 355 1 329
 99 9 3 84 278 42 6
 7 7 5 6 2 787 1
 88 229 696 69 90 182
 567 42 7 95 65 70 2 35
 7 27 164 38 943
 6 70 3 965 608
 3 79 11
 55 763 727 49 39 707
 3 4 2 4 8 38 1 88 14 6 9
 1 1 8 9 5 6 7 6 93 3 366 5
 627 43 3 6 4
 5 81 370 4 52 661 8
 1 7 3 49 8 6 4 3 1 241 85
 66 1 197 9 4 1 9 93 799
 39 82 841 7 3 87 25 7
 6 3 751
 35 60 696 85 944 2
 1 6 411 8 10
 9 3 4 23 189 4 9 8 6 4 9 6
 27 3 4 54 27 84 94 5 9 6
 36 9 5 76 7 64 8 9 53
 768 94 17 2 84 79
 5 3 9 4 9 86 1 8 537 6 1 1
 70 1 91 6 19 7 824 6
 66 14 638 978 66
 307 3 7 7 1 9 5 4 6 7 442
 1 24 5 687 59
 69 94 1 2 1 978 9
 7 4 8 2 8 5 74 992 683 8
 4 1 85 6 706 45 9 50
 9 9 5 6 8 9 9 6 7 602 2 6
 68 6 7 53 275
 35 8 8 17 2 93 4 2 8 5 2
 2 772 3 76 3 7 22
 264 3 42 7 3 98 8
 7 554 23 3 2 9 33 621
 260 5 1 4 5 7 410 82 37
 55 6 95 5 4 88 3 5 19 3
 2 9 2 843 1 9 202 4 980
 59 68 1 97 192 586
 277 9 9 93 800 4
 587 17 1 40 2 9 929 5
 8 62 8 85 54 4 1 24 1 28
 607 7 435 8 1 164 70
 45 3 67 551 49 435
 4 3 6 9 8 1 60 588 92 4 4
 6 68 5 575 478
 365 73 366 2 87
 508 1 3 74 2 3 288 9
 99 1 93 229 10 1
 4 551 4 8 4 70 4 6 7 3 4 2
 9 7 4 79 479
 2 39 5 346 3
 1 24 934 238 900 6
 2 794 96 6 159
 1 25 996 5 142 3 1
 2 8 2 1 9 8 7 298 9 5 2 9
 4 3 885 52 62 360 9 86
 7 1 21 21 31 531
 9 390 3 2 4 686
 7 592 2 40 9
 479 340 188 44 59 1
 4 6 6 5 2 61 94 9 793 7 2
 731 4 374 62 462 833
 34 606 57 98 8 5 77 2 4
 28 851 75 60 81 7 9
 1 4 4 7 513 512 28 35 3
 81 4 598 16 722 3
 1 46 85 16 49
 42 8 3 6 3 2 6 3 4 4 1 410
 731 7 1 9 105 7 67 9 8 1
 927 65 1 386 646
 91 5 887 4 99 3 3
 94 76 9 618 157
 6 9 54 82 5 1 7 140 2 11
 93 217 6 449 41 517
 34 7 5 26 3
 7 2 3 6 77 70 81 840 4
 433 7 6 3 77 4 584 8 3 5
 7 311 36 2 52
 1 42 1 565 8
 2 458 9 6 1 41
 542 49 96 8 1 3 4
 74 84 50 398 858
 8 42 6 984 210 9 62 9 8
 3 55 9 372 87 2 57
 2 8 3 89 9 9 40 4 52 9 57
 111 2 2 566 63 6 909 2
 83 22 847 855 9
 678 1 24 8 49 35 4 7 5 6
 3 11 9 2 1 4 354 21 836
 944 3 30 92 10
 4 4 2 764 7
 35 642 33 123 372
 1 2 382 526 502
 235 7 3 4 4 7 7 1 3 5 9 5
 44 49 472 4 3
 279 7 40 30 5
 12 5 13 52 5 6 98 30 6 8
 6 395 16 785 88
 8 6 3 6 1 7 60 66 73 774
 7 68 56 7 3 8 3 580
 54 45 38 537 45 946
 8 2 90 9 8 763 810 1 4
 17 43 57 3 57 3 852 7
 46 89 28 4 755 95 2
 99 484 8 346 404
 5 920 55 96 5
 56 972 8 5 64 496
 9 619 662 149 205
 3 212 7 7 7 7 30 7 2 5 1
 8 65 13 978 2
 7 6 89 869 59
 89 3 106 293 79 64 6 7
 842 97 5 94 2 55 8 2 5
 2 6 5 4 93
 990 189 130
 620 6 263 76 92
 98 78 84 786 955
 5 386 1 8 15 9 6 8 7 94 1
 7 2 6 800 9 3
 28 3 9 8 8 8 15 12 8 2
 11 98 60 870 7
 256 38 3 38 26 42
 2 6 26 93 8 93 7
 554 2 54 94 9 4 69 74 5
 22 9 958 1 785 2 930
 4 859 94 746 4
 33 7 13 973 1 8 537 12
 935 63 5 15 30 1 5
 1 344 72 348 12 7 19 6
 5 99 9 3 4 64 5 9 97
 9 64 36 4 835 8 18 1 1 6
 23 902 5 619 920
 3 5 31 540 8 4 76 7
 35 284 3 407 1 564
 6 996 608 8 22 9 7 50
 7 948 6 7 89 68
 1 4 1 57 8 6
 77 97 8 6 8
 50 74 4 2 270
 2 2 3 7 538
 3 22 396 2 3 11 2 2 46 5
 1 12 74 36 30 65
 665 11 3 6 7 8
 8 631 9 58 70 963 2 6 5
 5 8 3 3 984 90 6 3 8 3 1 6
 8 7 10 6 746 72 2 7 1 2 2
 9 78 741 1 1 9 245 5 8 2
 9 1 78 9 2 3 9 7 8 972 4 9
 5 97 68 36 9 7
 2 6 77 3 217 9 619 8 8
 47 1 34 6 52
 41 2 42 4 18 871
 1 6 12 63 1 7 945 86
 8 599 3 5 30 9 64 1 5 3 5
 421 1 3 20 44 982
 3 397 1 346 1 95 8 7 5 4
 9 82 2 275 1 7 4 879 8 4
 2 6 606
 512 9 63 842 15 6 7 60
 84 9 3 15 717
 681 43 3 498 40
 5 2 50 638 405
 5 4 7 39 58 1 553 2 1 4 9
 8 2 1 56 716 1 2 2 8 3 9 1
 50 1 549 488 2
 2 9 7 4 9 54 854 5 9 416
 30 28 42 898 104
 25 48 8 467 3 67 8 200
 2 4 26 99 41 9 82 5 7 9
 7 82 720 880 1
 3 5 7 3 3 8 913 6 2 85 25
 352 61 36 6
 3 8 27 847 5 84 9 9 81 6
 25 102 746 8 587
 3 3 163 6 9 98 6 1 27 76
 2 8 5 7 64 3 9 58 7 4 82
 1 810 4 3 9 9 1 21 1 7 1 2
 7 8 612 1 91 45
 9 3 29 55 74 60
 72 7 47 615 8
 5 53 77 93 74 3 8 20 86
 23 7 82 3 567 8 46 3 9
 418 6 2 44 476
 88 90 255 6 955 810 4
 3 9 14 855 13
 83 770 963 7 6
 2 877 7 6 7 420 9
 51 4 321 24 79 91 3 65
 45 958 608 874 14 12
 23 61 5 51 60 675 4
 643 71 7 3 7
 3 1 300 6 7 1 8 7 9 1 433
 4 65 5 31 8 4 290 2 32
 4 32 410 4 3 16
 756 43 356 6 1
 345 40 62 83 741
 9 916 820 646 128 93
 8 8 430 71 52 6
 67 498 5 4 2 5 527
 4 1 9 17 8 4 25 874 8 8 2
 27 2 4 3 2 8 44 6 1 927 4
 520 17 3 66 462 5
 6 1 358 1 5 9 9 5 7 4 42 4
 7 39 136 664 71
 84 6 80 469 9 27
 8 5 3 806 9
 9 3 83 9 385 9 1 814 2 9
 764 92 70 73
 7 6 1 2 210 1 8 891 66 5
 968 86 18 5 8 6 9 885
 3 70 8 44 131
 1 5 4 1 7 95 59 12 481
 1 918 5 9 74 38 8 9 9 43
 5 9 6 5 7 308 461 5 3 98
 32 9 1 281 9 78 624 7 7
 4 287 9 51 7 3 367 2 5 3
 3 4 5 9 2 2 632 8 7 1 7 9
 36 21 1 896 6
 2 427 9 5 4 1 83 24 49 3
 23 82 818 26 133 1
 4 4 8 63 370
 2 5 4 95 8 737 6 522
 40 320 281 2 2
 49 4 4 864 425 9 5
 5 4 9 299 9
 57 69 5 66 89
 70 4 948 152 52 34 8
 688 4 54 37 2 6 1
 26 863 70 12
 790 78 2 3 6 53 67 43 1
 3 6 28 111 654 304 3
 23 651 1 7 4
 99 5 41 908 835 31
 196 2 34 67 434
 9 2 245 1 43 2
 4 88 1 3 517 3 2 7 2 7 4 7
 5 3 9
 69 941 75
 29 38 92 2 8 8
 9 2 93 3 28 5 20 5 5 8 8 2
 9 2 7 6 5 367 4 3 23 9 2
 5 9 11 9 7 7 9 8 5 437 7 7
 300 9 9 91 9 733
 22 729 703 3 295 514
 5 52 3 835 545 3 61
 3 677 5 5 43 76 1 44 6 2
 5 5 27 44 5 360 4
 6 585 3 231 35 618
 1 92 8 738 97
 588 20 9 21 540 5 18 8
 8 695 8 732 97
 7 7 816 470 40 77 9 59
 128 1 4 6 74
 797 35 2 5 560 7 95
 301 374 764 6 613 5
 8 19 9 3 87 1 29 189 4 2
 849 9 834 4 42 6 8 683
 3 5 3 2 38 70
 803 48 5 677 4
 9 73 72 988 8 1 31 4
 59 79 6 7 4 2
 3 9 659 844 7 92 142
 6 9 70 9 7 680 9 2 5 6 2 7
 376 6 8 789 52 536
 5 5 4 674 4 30 38 8 19
 810 920 7 7 1 77 155
 5 9 5 4 3 97 71 695 4 6
 5 5 5 8 561
 7 114 41 6 3 8 2 403 4 9
 240 96 579 2 66 96
 3 6 38 7 5 95 2 7 52 54
 2 1 3 56 2 5 5 5 42 586 9
 6 54 82 127
 8 21 68 3 99
 8 31 306 4 1 7 4 9 9 97
 5 281 45 791 40
 25 6 19 20 3 9 6 20 28 5
 1 5 999 7 7 63 3 9 3 1 5 6
 250 9 34 8 26 202
 216 14 3 98 36 59 9
 2 132 47 33 5 22 4 33
 955 600 419 530 64
 3 1 902 87 8 9 99 757 4
 51 868 6 481 28 258
 9 6 39 52 3
 6 4 85 52 67
 76 571 547
 2 88 1 2 63 31 90 8
 3 1 8 603 22 41
 53 6 6 498 4 1 7 8 12 7
 959 3 943 616 84 97 6
 989 925 52 9 23 18
 2 5 1
 793 46 9 32 60
 538 747 4 573 5 76 39
 6 28 538 733 17
 22 99 98 73 35 35
 87 37 761 8 8
 3 729 872 9 94
 46 6 886 6 137 691
 313 9 15 3 168 17
 6 660 5 53 5 7 3 7 6 5 12
 3 5 5 5 5 72 8 5 833 90
 384 88 736 869 547
 8 1 7 966 38 2 412 8 1 1
 155 216 25 25 36
 638 82 2 31 71 38 2 8
 34 209 81 21 37 44
 5 900 7 665 97 81 93 6
 5 19 97 706 9 948 1
 7 7 752 54 93 54 3
 80 4 6 41 1 2 271 5 9 68
 4 451 202 1 4 4 2 2 1 88
 2 8 36 5 7 3 794 7 4 4 5 3
 419 113 257 97 3 50
 8 9 9 3 560 7 9 176 34
 98 9 71 43 4 41
 57 794 45 5 37 29
 2 3 31
 5 79 334 4 858 1 68 76
 1 6 19 289 3 610 1
 4 63 15 2 95
 19 674 75 8 10 65
 9 41 58 3 7 59
 7 34 2 6 2 9 3 2 9 8 5 725
 3 4 6 235 1 5 3 8 7 1 1 6
 8 8 866
 3 4 5 32
 69 9 431
 136 97 2
 42 6 6 26 3
 7 3 3 331 8 1 5 225 395
 8 1 97 76 3 9 98 1 4 3 4 8
 199 23 5 332 8
 4 4 9 54 68 582 9 46 4
 17 52 252 75 1 31 52 8
 4 9 63 2 5 50 4 7 3
 22 312 46 6 14 70 5 95
 64 665 8 400 246 3
 10 8 5 5 5 9 4 1 345 4 6 3
 60 1 924 27 52
 4 4 7 4 74 1 5 622 9 5 1 4
 5 6 91 2 26 3 2 9 8 2 1 1
 5 254 4 198 80
 494 88 7 10 835
 8 5 2 267 313 8 362
 950 55 86 413 284 83
 42 196 721 44 237
 45 37 6 91 73 11 1 1 6 3
 4 568 2 3 9 1 1 3 5 6 7 94
 101 146 46 8 657
 27 358 58
 385 2 5 4 4 2 1 568 73 4
 8 9 989 1 5 6 583 9 4 47
 2 2 307 1 81
 941 425 612 73
 161 649 9 9 9 577 885
 59 1 362 89 8 77 5 602
 2 27 137 4 1 34 8 839 2
 24 9 7 9 4 709 6 5 5 2 20
 37 5 925
 805 7 6 6 3 4 6 1 8 53 3
 103 8 67 283 30
 3 5 8 56 57 392 25 9
 18 15 346 3
 971 57 8 617 9 5 137 5
 5 793 1 39 44 4 6
 4 557 221 26 208
 446 80 38 6 8 2 3 8 83 1
 95 6 324 3 98 2 23 1 78
 658 6 84 8 71
 81 6 119 8 138 127 6 9
 74 7 39 5 3 2 5 831 6 8
 9 16 197 98 72 70
 5 147 954 82 919 619
 8 5 38 815 105 168 98
 72 5 181 3 54 3
 8 438 3
 3 4 9 15 192
 56 9 6 957 26
 40 7 7 4 7 7 9 7 2 1 9 876
 14 77 687 453 555 4
 4 1 3 75 3
 30 4 36 84 5 6 27 3
 47 8 5 729 42 419
 896 41 4 14 48 7
 79 1 3 839 4
 2 15 377 6 8 3 22 75 4
 7 7 64 3 42 3 6 298 115
 5 7 9 5 941 752 7 6 1 7 3
 12 3 42 1 54 91
 302 995 7 16 2 5 4 9 24
 948 46 65 13 64 8
 724 6 2 6 3
 1 926 4 5 8 8 7 17 11 2 2
 72 728 470 4 1 281
 244 6 86 113 8
 4 74 662 609 90
 1 4 2 9 546 139 4 7 2
 9 6 3 4 7 17 3 2 717 68 8
 8 5 1 2 3 9 8 22 5 894 9 4
 523 652 938 94 754
 57 8 3 8 1 4
 8 4 8 6 2 380 271 3 78
 9 5 94 103 1 83 2
 548 14 441 7
 3 8 8 63 413 6 6 85 3 9
 471 1 87 84 969
 97 2 2 918 4 13 13 4 9 8
 300 8 104 7 481 5 67 9
 627 74 85 407 9 58 1
 532 894 3 7 5 8 5 3 6
 569 8 4 64 3 8 3 3 1
 5 7 422 691 2 761 790
 48 4 30 506 576 4
 967 31 123 9 57
 407 955 64 2 9 58 56
 575 2 955 2 89 24
 66 588 413 6 6 9 4 862
 4 651 778 129 7
 2 72 4 7 374
 5 4 49 1 6
 565 796 6 972 80